20186    212164
20189    214384 and 214385
21242    219566
21243    219567
21245    219568
21255    219634
21256    219639
21274    219713
11977    151553
27392    267662
17179    190790
25900    256655
24516    245544
26266    258690
26323    258904
26734    262624
27968    271857
28610    276008
29031    279732
30841    285656
30935    289412
15940    181518
15959    181604
19636    209902
26407    259375
28504    277371
24187    242678
26711    263139
27575    268086
27903    271412
31808    293669
33706    307837
37119    336048    
12189    152066
12885    157134
12899    161802
12901    161803
13326    160058
11964    150356
34381    312285
32830    301594
17473    203719
13547    161468
15674    178974
17103    190010
